00000000000000000000000000000000000000000000000000
00000000000000000000000000000000000000000000000000
00                                              00
00                                              00
00                                              00
0011                                       1111100
00                                              00
00                        1          1          00
0011111                   011111111110          00
00                                              00
00                                              00
00111111111                               11111100
00                                              00
00                                              00
0011111111111                        1111111111100
0000000000000  11                11  0000000000000
00                                              00
00                  1111111111                  00
00111111111111                      11111111111100
000000000000001                    100000000000000
00           001                  100           00
00             01                10             00
00                                              00
00         1                           1        00
00        1011111111111111111111111111101       00
00                                              00
00111                                        11100
00  0                                        0  00
00111111111111111111111111111111111111111111111100
00000000000000000000000000000000000000000000000000